P4
32 32
0000000000000000000000000000000000000000
0000000000000000000000000000000000000000
0000000000000000000000000000000000000000
0000000000000000000000000000000000000000
0000000000000000000000000000000000000000
0000000000000000000000000000000000000000
0000000000000000011111100000000000000000
0000000000000011111001111100000000000000
0000000000000111000000000110000000000000
0000000000001100000000000011100000000000
0000000000011000000000000001100000000000
0000000000110000000000000000110000000000
0000000001100000000000000000011000000000
0000000001100001100000000000011000000000
0000000001000011100000000000001000000000
0000000011000011110000000000001100000000
0000000011000011100000000000001100000000
0000000011000001100000000000001100000000
0000000011000000110000000000001100000000
0000000011000000110000000000001100000000
0000000011000000011100111000001100000000
0000000001000000001111111100001000000000
0000000001100000000011111000011000000000
0000000000100000000000000000011000000000
0000000000100000000000000000110000000000
0000000001100000000000000001100000000000
0000000001100000000000000011000000000000
0000000001101111000000001110000000000000
0000000001111111111111111100000000000000
0000000011000000011111100000000000000000
0000000000000000000000000000000000000000
0000000000000000000000000000000000000000
0000000000000000000000000000000000000000
0000000000000000000000000000000000000000
0000000000000000000000000000000000000000
0000000000000000000000000000000000000000
0000000000000000000000000000000000000000
0000000000000000000000000000000000000000